# Number of parameters = 323  Objective function value = 1548.25  Maximum gradient component = 5.13189e-05
# log_R0:
20.2727449819
# log_h:
0.00000000000
# log_q:
0.00000000000
# log_q_fsh:
 0.00000000000 0.00000000000 0.00000000000 0.00000000000
# log_q_srv_bs:
-0.197665232251
# log_q_srv_ek:
-0.216696662174
# log_q_srv[1]:
-0.123001758924
# log_q_srv[2]:
0.00000000000
# log_q_srv[3]:
-1.98520751803
# log_initR:
19.0624721766
# mean_log_Fmort:
-2.19420254749
# log_Fmort_dev:
 -1.99641840730 -1.08888349715 0.136257679168 -0.166587136572 -0.168958795655 0.990732068415 0.227832473450 -0.323722864710 0.227084145818 0.290718674720 0.739775951246 0.463116452438 0.596872644400 0.666134797481 0.586038626871 0.315595530004 0.0126090134612 -0.0968582382840 -0.227105533849 -0.0550579323121 0.459570217890 0.732155768932 -0.132948100490 -0.373613067032 -0.554318521061 -0.545521202605 -0.331026174264 0.00943612228521 -0.0762990620995 -0.0291297060329 -0.139893939830 -0.419206447657 -0.514627474022 0.247321073721 0.736608869409 0.560921683601 0.323055852506 0.348713914999 0.0843116010545 -0.0896646159046 0.0586069233706 0.313935374018 0.323458735166 -0.0326034737020 -0.353944089229 -0.799046391567 -0.463210205984 -0.361556493115 -0.134100074335 0.0234372503374
# log_rec_dev:
 -0.0986202160164 -1.31076286232 -1.53912229057 -0.540805462198 0.0460699695164 -1.25049311752 -0.518301861800 -0.227969554648 -0.0172359671316 1.18437713120 -0.296835587788 -0.711988684774 1.09044248009 1.48536452779 1.57257426290 2.10049869893 1.54921433036 0.220538258587 0.320826128682 0.169388993973 0.273668530541 1.57185565643 0.355482977288 -0.887160325651 -0.0173514072893 1.38588494256 0.891482123504 -0.0339926579630 -0.454798511941 -0.952590950235 -0.767404979883 0.804055237265 -0.0578774712976 -0.907773521599 -0.957695252893 -0.948807079643 0.656753881474 0.601659556512 -1.26778651075 -1.44942911820 -1.72828771370 -0.306443480564 0.562144032369 0.424978160028 0.782165624837 -0.154523606385 -1.14780854094 -0.00655369053013 -1.36626094594 1.87525586534
# log_init_dev:
 0.00000000000 0.00000000000 0.00000000000 0.00000000000 0.00000000000 0.00000000000 0.00000000000 0.00000000000 0.00000000000 0.00000000000 0.00000000000 0.00000000000 0.00000000000 0.00000000000
# log_fsh_sel_cont_a1:
1.29685245268
# log_fsh_sel_cont_b1:
0.854222297111
# log_fsh_sel_cont_a2:
2.26121688529
# log_fsh_sel_cont_b2:
0.0475678124431
# log_fsh_sel_a1:
 1.50000000000 1.50000000000 1.50000000000 1.50000000000
# log_fsh_sel_b1:
 0.700000000000 0.700000000000 0.700000000000 0.700000000000
# log_fsh_sel_a2:
 0.00000000000 0.00000000000 0.00000000000 0.00000000000
# log_fsh_sel_b2:
 -7.00000000000 -7.00000000000 -7.00000000000 -7.00000000000
# log_srv_sel_age1[1]:
-0.600432485810
# log_srv_sel_age1[2]:
-13.8106071930
# log_srv_sel_age1[3]:
-5.00000000000
# log_srv_sel_a1[1]:
0.534500488923
# log_srv_sel_a1[2]:
3.67582663077
# log_srv_sel_a1[3]:
1.19893505001
# log_srv_sel_b1[1]:
4.37631930940
# log_srv_sel_b1[2]:
-0.959582558406
# log_srv_sel_b1[3]:
0.696156430643
# log_srv_sel_a2[1]:
1.98350898616
# log_srv_sel_a2[2]:
2.10285755219
# log_srv_sel_a2[3]:
0.00000000000
# log_srv_sel_b2[1]:
-0.969173546061
# log_srv_sel_b2[2]:
-0.179695910132
# log_srv_sel_b2[3]:
-20.0000000000
# fsh_sel_cont_a1_dev:
 0.419981775389 0.419982889975 0.419988255991 0.419991925822 0.419992062537 0.419989132109 0.419983587515 0.419979295488 -0.0532803189412 -0.0532811429923 -0.0532820148568 -0.0532841114021 -0.0532865614954 -0.0532881393458 -0.0532920651087 -0.0532913049256 -0.0532900571250 -0.0532868670533 -0.0535082538941 -0.0535061997457 -0.0535036192568 -0.0535011103184 -0.0535032983083 -0.0535036389931 -0.0535042284472 0.506056998319 0.506058482999 0.506058474873 0.506050789851 0.506048833084 0.506048929185 0.506050294391 0.506051517327 0.506051463296 0.506045714622 0.506047259954 0.506049284577 -0.413232516916 -0.413239908553 -0.413249059817 -0.413258401348 -0.413260159621 -0.413261816050 -0.863684398946 -0.863673684926 -0.863666201332 -0.863657358137 -0.863648839846 -0.863640835682 -0.863640853920
# fsh_sel_cont_b1_dev:
 0.884525143483 0.884525152234 0.884525195559 0.884525228388 0.884525240404 0.884525232975 0.884525198288 0.884525161549 0.0606913623739 0.0606913265832 0.0606912907652 0.0606911727858 0.0606910471589 0.0606909459359 0.0606906691629 0.0606905908602 0.0606902528511 0.0606905018749 -0.302763510656 -0.302763267131 -0.302763105829 -0.302762997345 -0.302763155720 -0.302763243958 -0.302763277880 -0.282527561273 -0.282527502123 -0.282527562403 -0.282528065020 -0.282528520626 -0.282528696506 -0.282528693794 -0.282528941744 -0.282529179476 -0.282529671345 -0.282529573628 -0.282529555756 -0.332751718748 -0.332752471685 -0.332753128776 -0.332753693376 -0.332753686319 -0.332753745065 -0.0252737539122 -0.0252729916934 -0.0252725892059 -0.0252722122789 -0.0252717853077 -0.0252714273248 -0.0252714273270
# fsh_sel_cont_a2_dev:
 -2.72865240907 -2.72865216223 -2.72865139137 -2.72865077993 -2.72865086722 -2.72865126511 -2.72865172151 -2.72865196644 -0.200527435827 -0.200527464127 -0.200527494353 -0.200527470751 -0.200527444769 -0.200527248499 -0.200527025906 -0.200526658926 -0.200526141722 -0.200526088837 -1.07898018426 -1.07898004658 -1.07897962522 -1.07897880785 -1.07897862475 -1.07897773319 -1.07897758170 1.71732505005 1.71732571684 1.71732862618 1.71732843181 1.71732916777 1.71732989896 1.71733066175 1.71733184072 1.71733231420 1.71733199478 1.71733205008 1.71733209756 0.278578263446 0.278576900644 0.278574855288 0.278572573793 0.278571161998 0.278570615045 1.30113341118 1.30113381188 1.30113370376 1.30113332261 1.30113308969 1.30113304095 1.30113303918
# fsh_sel_cont_b2_dev:
 -0.296850507445 -0.296850539014 -0.296850625227 -0.296850697928 -0.296850671988 -0.296850611459 -0.296850562290 -0.296850540170 0.0290951886697 0.0290951841675 0.0290951791386 0.0290951748245 0.0290951700821 0.0290951664012 0.0290951580860 0.0290951630215 0.0290951804478 0.0290951960640 0.352752401450 0.352752416594 0.352752439561 0.352752460850 0.352752422627 0.352752391647 0.352752375069 -0.0628053501260 -0.0628053596077 -0.0628054137050 -0.0628054045004 -0.0628054145844 -0.0628053706426 -0.0628053268150 -0.0628052537505 -0.0628051483446 -0.0628051117026 -0.0628050730066 -0.0628050441626 -0.213191246097 -0.213191219482 -0.213191105271 -0.213191011693 -0.213190927827 -0.213190885017 0.235342291145 0.235342277268 0.235342273543 0.235342252277 0.235342232303 0.235342213440 0.235342213176
