# Number of parameters = 324  Objective function value = 1037.14  Maximum gradient component = 6.22522e-06
# M:
0.300000000000
# mean_log_initN:
0.00000000000
# dev_log_initN:
 0.00000000000 0.00000000000 0.00000000000 0.00000000000 0.00000000000 0.00000000000 0.00000000000 0.00000000000 0.00000000000
# mean_log_recruit:
-0.570521408151
# dev_log_recruit:
 -0.855592172903 -1.49987975618 -1.20282522403 -0.392868626717 0.226082764793 -1.18008573018 -0.301730974141 -0.112247765177 -0.115920318810 1.24052925538 -0.162967977937 -0.614917689515 1.21338127537 1.58122831018 1.65132219656 2.20041299017 1.59701855166 0.0763856555943 0.395137249898 -0.437477637758 0.187948206328 1.55855746580 0.573399378255 -0.922285900031 -0.201727840341 1.40425951839 0.828478647674 -0.126713591010 -0.615535600693 -1.06147942177 -0.803974640187 0.824237772589 -0.225166888503 -1.02945668553 -0.912665014399 -0.936008029271 0.739529334247 0.516824625439 -1.31053720334 -1.45825734341 -1.70050290805 -0.179232357269 0.457080270753 0.325986823149 0.833123071065 -0.0567201057401 -0.996611196575 0.293626775597 -1.28866149079 1.97749995135
# log_recr_proj:
 -0.570519995584 -0.570519995645 -0.570519995439 -0.570519995041 -0.570519995312
# log_slp1_fsh_mean:
0.754223771881
# inf1_fsh_mean:
3.77813501203
# log_slp2_fsh_mean:
0.551985905586
# inf2_fsh_mean:
8.87087818777
# slp1_fsh_dev:
 0.939290504433 0.939290511944 0.939290553723 0.939290583221 0.939290594072 0.939290591933 0.939290560508 0.939290524795 0.118255978470 0.118255942334 0.118255906159 0.118255796703 0.118255680509 0.118255574616 0.118255401026 0.118255351581 0.118255081727 0.118255252113 -0.264503957640 -0.264503817553 -0.264503705635 -0.264503622155 -0.264503671677 -0.264503729265 -0.264503762937 -0.215150613714 -0.215150578874 -0.215150586074 -0.215150798591 -0.215150948877 -0.215150943741 -0.215150828712 -0.215150846287 -0.215150880485 -0.215151069893 -0.215150991116 -0.215150949492 -0.458530924619 -0.458531390584 -0.458531807749 -0.458532118902 -0.458532067281 -0.458532100266 -0.216051660107 -0.216051121862 -0.216050742070 -0.216050416522 -0.216050094727 -0.216049821025 -0.216049821437
# inf1_fsh_dev:
 0.298273419566 0.298274216608 0.298278786654 0.298281427966 0.298280515904 0.298277952597 0.298272789134 0.298268811893 -0.125033848760 -0.125034618067 -0.125035431067 -0.125037149077 -0.125039033450 -0.125040568809 -0.125043011928 -0.125043094963 -0.125042765725 -0.125041038657 -0.160289833214 -0.160288992336 -0.160287772498 -0.160286373139 -0.160287556462 -0.160287227229 -0.160287590754 0.438916147480 0.438916833856 0.438916677023 0.438913254979 0.438913421312 0.438914987338 0.438917323959 0.438919928402 0.438921440546 0.438919893181 0.438921191104 0.438922480300 -0.134326031430 -0.134329737589 -0.134333870225 -0.134337637071 -0.134338121842 -0.134338463448 -0.639270200448 -0.639266247451 -0.639262586521 -0.639258308803 -0.639253994434 -0.639250182227 -0.639250212179
# slp2_fsh_dev:
 -0.534302073855 -0.534302107042 -0.534302202104 -0.534302287931 -0.534302215712 -0.534302091040 -0.534302009067 -0.534301975866 0.00648094099716 0.00648094087475 0.00648094046942 0.00648093989031 0.00648093957543 0.00648093646137 0.00648093264358 0.00648093076370 0.00648093238375 0.00648093892404 -0.151149421489 -0.151149415671 -0.151149413834 -0.151149422357 -0.151149469008 -0.151149515545 -0.151149520660 0.103104361440 0.103104348929 0.103104311776 0.103104316299 0.103104322066 0.103104339574 0.103104355830 0.103104375723 0.103104398424 0.103104404242 0.103104407420 0.103104415565 0.0838251542062 0.0838252107950 0.0838252962805 0.0838253636294 0.0838253987620 0.0838254128194 0.503921377514 0.503921369122 0.503921360152 0.503921360813 0.503921366682 0.503921370103 0.503921370032
# inf2_fsh_dev:
 -2.13104085140 -2.13104054661 -2.13103953903 -2.13103879201 -2.13103919414 -2.13103996198 -2.13104072029 -2.13104109064 0.167262925121 0.167262940536 0.167262956628 0.167263101726 0.167263291796 0.167263644896 0.167264024761 0.167264571306 0.167265250964 0.167265361924 -0.635889308350 -0.635889259370 -0.635889074853 -0.635888489433 -0.635888553381 -0.635887613352 -0.635887514658 0.986946269312 0.986948022194 0.986953013473 0.986951993971 0.986952743548 0.986954331414 0.986955878255 0.986957953741 0.986959199122 0.986959629979 0.986960319311 0.986960291889 0.344010939802 0.344009252128 0.344007120180 0.344005063925 0.344003862456 0.344003369983 0.845628236171 0.845629135486 0.845629863824 0.845629610928 0.845629022699 0.845628661385 0.845628654661
# log_slp2_srv1:
-1.16607789101
# inf2_srv1:
5.26060109037
# srv1_age1:
0.573355789506
# log_slp1_srv2:
-0.767356371467
# inf1_srv2:
47.0000000000
# log_slp2_srv2:
-0.136553163461
# inf2_srv2:
7.05748506029
# srv2_age1:
0.341241720525
# log_slp1_srv3:
0.658370767215
# inf1_srv3:
3.46344570765
# mean_log_F:
-2.12343640578
# dev_log_F:
 -2.56410310353 -1.66028884353 -0.447012172044 -0.764438369933 -0.681409283779 0.598127202759 -0.141640358070 -0.667042029894 0.0996299926214 0.160913454334 0.634353398665 0.446519865582 0.634239986156 0.689437451610 0.595591985472 0.315591176113 0.00725784273672 -0.0986918102418 -0.261862788319 -0.0731647096206 0.466336071659 0.790729153275 0.0196388681615 -0.172389619604 -0.394854899526 -0.415988156007 -0.283372686664 0.0268414520621 -0.0513198987449 0.0311052772807 -0.0339857650135 -0.314456085143 -0.423524511164 0.363663158515 0.934704194810 0.747872818560 0.481597268200 0.544936155792 0.288250304604 0.165038051875 0.315521566051 0.499688365910 0.470817841055 0.127305726591 -0.128059642885 -0.532695413961 -0.212873686154 -0.193360451678 -0.0317488438311 0.0925744988951
# log_q1_bs:
-0.0386036744360
# log_q1_ek:
-0.0372273725117
# log_q1_dy:
0.0571579997661
# log_q2:
0.00000000000
# log_q3:
-2.17701496559
