# Number of parameters = 209 Objective function value = 342.067  Maximum gradient component = 5.54934e-07
# M:
 1.39000 0.690000 0.480000 0.370000 0.340000 0.300000 0.300000 0.290000 0.280000 0.290000
# mean_log_initN:
0.00000000000
# dev_log_initN:
 0.00000000000 0.00000000000 0.00000000000 0.00000000000 0.00000000000 0.00000000000 0.00000000000 0.00000000000 0.00000000000
# mean_log_recruit:
1.33953531940
# dev_log_recruit:
 -1.15821551851 -0.157826733201 -0.0374706092504 1.02924684526 -0.572283978641 -0.564859494236 0.809665091398 1.12279909470 1.33365097512 1.90898819071 1.21920688611 0.632126720031 0.645906044425 0.314374004119 0.444770279556 1.37657982486 0.190485831563 -0.728955561091 0.267819812226 1.13470569742 0.784539395303 -0.157626649754 -0.479726063699 -0.895989096882 -0.786251275238 0.521597097546 -0.199023337724 -0.970869069718 -1.01694913135 -0.811887760549 0.479507317205 0.564633245897 -1.50865447337 -1.58670070328 -1.70295025361 -0.660047589148 0.405303630676 0.399900648993 0.600263059283 -0.0956579989411 -0.942319521954 0.222090158219 -1.14431464758 1.48749710480 -0.264249316553 -1.45282817115
# log_recr_proj:
 1.33949999629 1.33949999203 1.33949998851 1.33949998781 1.33949998755
# log_slp1_fsh_mean:
0.739776399729
# inf1_fsh_mean:
3.81179662709
# log_slp2_fsh_mean:
1.02601268078
# inf2_fsh_mean:
9.78125384550
# slp1_fsh_dev:
 0.195202672368 0.195201568531 0.195194956960 0.195183361420 0.195119620287 0.194923160984 0.195200653614 0.195480868561 0.194198128890 0.193645475692 0.147096065052 0.106464773388 0.0480176956196 0.0182535576326 -0.00790490077200 -0.0338702491160 -0.0692679691447 -0.0883449047597 -0.107844468386 -0.103580171220 -0.0943007743786 -0.106511036617 -0.117871429166 -0.143232644711 -0.148665267520 -0.145657646285 -0.148971851986 -0.152594240613 -0.154029249320 -0.139421592998 -0.132955548181 -0.155084920430 -0.166597557619 -0.155464433726 -0.139591714878 -0.0915345231665 -0.0650171428146 -0.0459986665734 0.0112677281046 0.0218109676647 0.0340790479054 0.0543948560862 0.0766706236507 0.0767015625120 0.0851027775823 0.0851027818759
# inf1_fsh_dev:
 -0.0476144472473 -0.0476043274833 -0.0476962640490 -0.0488998531431 -0.0516704778672 -0.0579747993757 -0.0589621151037 -0.0351863123447 -0.0686304428028 -0.101139459977 0.127403627535 0.119296853451 -0.106912090963 -0.259192366716 -0.259178936186 0.0912328782084 -0.0367688010598 0.0798331240142 0.0804133993098 0.212902814396 0.619469908898 0.834505247779 0.776613454671 0.609427851392 0.596742708286 0.607323975829 0.635864564620 0.627342177586 0.491454257138 0.501933154089 0.474168863690 0.0772943626717 -0.259440307707 -0.491223266425 -0.772123948811 -0.618933179567 -0.615221025471 -0.739031821678 -0.611306255663 -0.659882730300 -0.619688497950 -0.454562355884 -0.195256725848 -0.174494513404 -0.0623139907870 -0.0623139097490
# slp2_fsh_dev:
 0.00000000000 0.00000000000 0.00000000000 0.00000000000 0.00000000000 0.00000000000 0.00000000000 0.00000000000 0.00000000000 0.00000000000 0.00000000000 0.00000000000 0.00000000000 0.00000000000 0.00000000000 0.00000000000 0.00000000000 0.00000000000 0.00000000000 0.00000000000 0.00000000000 0.00000000000 0.00000000000 0.00000000000 0.00000000000 0.00000000000 0.00000000000 0.00000000000 0.00000000000 0.00000000000 0.00000000000 0.00000000000 0.00000000000 0.00000000000 0.00000000000 0.00000000000 0.00000000000 0.00000000000 0.00000000000 0.00000000000 0.00000000000 0.00000000000 0.00000000000 0.00000000000 0.00000000000 0.00000000000
# inf2_fsh_dev:
 0.00000000000 0.00000000000 0.00000000000 0.00000000000 0.00000000000 0.00000000000 0.00000000000 0.00000000000 0.00000000000 0.00000000000 0.00000000000 0.00000000000 0.00000000000 0.00000000000 0.00000000000 0.00000000000 0.00000000000 0.00000000000 0.00000000000 0.00000000000 0.00000000000 0.00000000000 0.00000000000 0.00000000000 0.00000000000 0.00000000000 0.00000000000 0.00000000000 0.00000000000 0.00000000000 0.00000000000 0.00000000000 0.00000000000 0.00000000000 0.00000000000 0.00000000000 0.00000000000 0.00000000000 0.00000000000 0.00000000000 0.00000000000 0.00000000000 0.00000000000 0.00000000000 0.00000000000 0.00000000000
# log_slp2_srv1:
0.454696141712
# inf2_srv1:
9.98648396476
# log_slp1_srv2:
-0.478256187461
# inf1_srv2:
4.20083180088
# log_slp2_srv2:
1.00000000000
# inf2_srv2:
20.0000000000
# log_slp1_srv3:
0.682091140370
# inf1_srv3:
3.82899062961
# log_slp1_srv6:
4.90000000000
# inf1_srv6:
0.500000000000
# log_slp2_srv6:
1.00000000000
# inf2_srv6:
20.0000000000
# mean_log_F:
-1.97464758180
# dev_log_F:
 -1.26753637914 -1.19458615177 0.338796937627 0.660715118058 0.912235798885 0.444994620602 0.725210933474 0.931196432411 0.862473383847 0.610513274040 0.384718348984 0.124260072842 -0.114859976269 0.0952940721949 0.402175428978 0.667696223350 -0.442824300346 -0.754461996377 -0.845728270918 -0.587054379439 -0.431824408974 -0.0602913807937 -0.0545503267935 -0.0677388742294 -0.106800454907 -0.477957194449 -0.613783612632 0.177635327640 0.759012373367 0.621426447681 0.315971562476 0.299491487817 -0.0413343238957 -0.329194354226 -0.210125767350 0.115704921608 0.105294010943 -0.212931390384 -0.401672429262 -0.846369755199 -0.509171897516 -0.426048064545 -0.219117496647 -0.261882678773 0.364157977419 0.558871110593
# log_q1_bs:
0.00000000000
# log_q1_ek:
-0.610440501483
# log_q1_dy:
-0.510944956069
# log_q2:
-0.138004419680
# log_q3:
-1.83974171797
# log_q4:
-2.19224669043
# q4_pow:
0.960350406774
# log_q5:
-0.243046646032
# q5_pow:
0.00000000000
# log_q6:
-0.159387526064
